Results ID: 3
Created On: 2019-08-16 22:52:11.341000
For Project: Sepsis + EC BAD Treatment Demo for GE presentation
Summary Statistics:
Stratification - None: 
           |          |           |            |      Age |     Male |  Lactate |  NoSIRS | NoSIRS_Entered |    SIRS | SIRS_Entered | NoSpesis |  Sepsis | NoSpesis_Entered | SevereSepsis | SevereSepsis_Entered | SepticShock | SepticShock_Entered | Death_Entered | 
Start Step | End Step | Rec Count | Dem. Count | Avg Dem. | Avg Dem. |  Avg All | Sum All |        Sum All | Sum All |      Sum All |  Sum All | Sum All |          Sum All |      Sum All |              Sum All |     Sum All |             Sum All |       Sum All | 
         0 |        0 |       100 |        100 | 66.78275 |  0.45000 |  4.70175 |      12 |              0 |      88 |            0 |       21 |      38 |                0 |           14 |                    0 |          27 |                   0 |             0 | 
         1 |        1 |       100 |        100 | 66.78275 |  0.45000 |  4.64562 |      27 |             19 |      73 |            4 |        9 |      54 |                9 |           14 |                    6 |          14 |                   1 |             9 | 
         2 |        2 |        91 |         91 | 66.58948 |  0.45055 |  4.54989 |      25 |              7 |      66 |            8 |       12 |      53 |               12 |            9 |                    2 |          12 |                   4 |             5 | 
         3 |        3 |        86 |         86 | 67.04295 |  0.43023 |  4.59799 |      32 |             13 |      54 |            6 |        8 |      56 |                8 |           10 |                    5 |           6 |                   1 |             6 | 
         4 |        4 |        80 |         80 | 66.55195 |  0.43750 |  4.75338 |      30 |              5 |      50 |            5 |       19 |      43 |               19 |           11 |                    8 |           6 |                   3 |             1 | 
         5 |        5 |        79 |         79 | 66.59608 |  0.44304 |  4.80280 |      28 |              8 |      51 |           10 |        7 |      55 |                7 |           11 |                    3 |           3 |                   0 |             3 | 
         6 |        6 |        76 |         76 | 66.45877 |  0.43421 |  4.98209 |      31 |             10 |      45 |            6 |       11 |      54 |               11 |            8 |                    2 |           2 |                   1 |             1 | 
         7 |        7 |        75 |         75 | 66.64383 |  0.44000 |  5.07438 |      31 |              5 |      44 |            5 |       11 |      52 |               11 |           10 |                    2 |           2 |                   0 |             0 | 
         8 |        8 |        75 |         75 | 66.64383 |  0.44000 |  4.98532 |      36 |             10 |      39 |            5 |       11 |      49 |               11 |           13 |                    5 |           2 |                   1 |             0 | 
         9 |        9 |        75 |         75 | 66.64383 |  0.44000 |  5.12543 |      30 |              4 |      45 |           10 |       10 |      51 |               10 |           11 |                    2 |           3 |                   1 |             0 | 
        10 |       10 |        75 |         75 | 66.64383 |  0.44000 |  5.16229 |      24 |              4 |      51 |           10 |        7 |      49 |                7 |           15 |                    7 |           3 |                   2 |             1 | 
        11 |       11 |        74 |         74 | 66.74233 |  0.43243 |  5.52452 |      29 |             11 |      45 |            5 |       14 |      40 |               14 |           17 |                    5 |           1 |                   1 |             2 | 
        12 |       12 |        72 |         72 | 66.17875 |  0.43056 |  5.54770 |      33 |              9 |      39 |            5 |        8 |      48 |                8 |           12 |                    3 |           3 |                   3 |             1 | 
        13 |       13 |        71 |         71 | 66.04584 |  0.42254 |  5.53431 |      32 |              7 |      39 |            8 |        9 |      45 |                9 |           13 |                    5 |           2 |                   2 |             2 | 
        14 |       14 |        69 |         69 | 66.33344 |  0.40580 |  5.32755 |      32 |              8 |      37 |            6 |       14 |      42 |               14 |           10 |                    3 |           2 |                   1 |             1 | 
        15 |       15 |        68 |         68 | 66.31658 |  0.39706 |  5.47088 |      31 |              4 |      37 |            5 |       11 |      44 |               11 |            9 |                    2 |           3 |                   2 |             1 | 
        16 |       16 |        67 |         67 | 66.23105 |  0.40299 |  5.51935 |      33 |              9 |      34 |            7 |        8 |      47 |                8 |            8 |                    3 |           3 |                   1 |             1 | 
        17 |       17 |        66 |         66 | 66.28998 |  0.40909 |  5.52241 |      37 |             11 |      29 |            6 |       10 |      43 |               10 |           10 |                    4 |           3 |                   0 |             0 | 
        18 |       18 |        66 |         66 | 66.28998 |  0.40909 |  5.86973 |      32 |              4 |      34 |            9 |        8 |      46 |                8 |            8 |                    2 |           2 |                   1 |             2 | 
        19 |       19 |        64 |         64 | 66.24516 |  0.40625 |  5.65949 |      30 |              7 |      34 |            8 |       11 |      42 |               11 |           10 |                    3 |           0 |                   0 |             1 | 
        20 |       20 |        63 |         63 | 65.84463 |  0.39683 |  5.64080 |      26 |              5 |      37 |            9 |        9 |      43 |                9 |           10 |                    3 |           1 |                   1 |             0 | 
        21 |       21 |        63 |         63 | 65.84463 |  0.39683 |  5.83622 |      29 |              8 |      34 |            5 |        9 |      38 |                9 |           14 |                    5 |           2 |                   1 |             0 | 
        22 |       22 |        63 |         63 | 65.84463 |  0.39683 |  6.06238 |      31 |              7 |      32 |            5 |       11 |      34 |               11 |           16 |                    3 |           1 |                   0 |             1 | 
        23 |       23 |        62 |         62 | 66.37061 |  0.38710 |  5.78356 |      28 |              3 |      34 |            6 |       12 |      35 |               12 |           12 |                    1 |           2 |                   2 |             1 | 
        24 |       24 |        61 |         61 | 66.21325 |  0.39344 |  5.88648 |      22 |              4 |      39 |           10 |        6 |      38 |                6 |           15 |                    5 |           0 |                   0 |             2 | 
        25 |       25 |        59 |         59 | 66.80356 |  0.37288 |  5.65527 |      24 |              8 |      35 |            6 |       10 |      34 |               10 |           12 |                    2 |           3 |                   3 |             0 | 
        26 |       26 |        59 |         59 | 66.80356 |  0.37288 |  5.75470 |      25 |              8 |      34 |            7 |        9 |      36 |                9 |           12 |                    3 |           1 |                   0 |             1 | 
        27 |       27 |        58 |         58 | 66.64210 |  0.36207 |  5.99388 |      23 |              5 |      35 |            6 |        6 |      40 |                6 |           10 |                    1 |           2 |                   1 |             0 | 
        28 |       28 |        58 |         58 | 66.64210 |  0.36207 |  6.18049 |      21 |              2 |      37 |            4 |        7 |      38 |                7 |           11 |                    2 |           1 |                   0 |             1 | 
        29 |       29 |        57 |         57 | 66.22530 |  0.35088 |  6.27154 |      20 |              5 |      37 |            6 |        5 |      38 |                5 |           11 |                    4 |           2 |                   2 |             1 | 
        30 |       30 |        56 |         56 | 66.43500 |  0.35714 |  6.12948 |      20 |              4 |      36 |            4 |       11 |      33 |               11 |            9 |                    3 |           2 |                   2 |             1 | 
        31 |       31 |        55 |         55 | 66.68691 |  0.36364 |  6.27400 |      21 |              6 |      34 |            5 |        7 |      35 |                7 |           10 |                    2 |           2 |                   1 |             1 | 
        32 |       32 |        54 |         54 | 67.08621 |  0.37037 |  6.21217 |      23 |              7 |      31 |            5 |        8 |      31 |                8 |           14 |                    6 |           0 |                   0 |             1 | 
        33 |       33 |        53 |         53 | 66.96128 |  0.37736 |  6.21901 |      19 |              4 |      34 |            7 |        9 |      31 |                9 |           11 |                    1 |           2 |                   2 |             0 | 
        34 |       34 |        53 |         53 | 66.96128 |  0.37736 |  6.38783 |      20 |              6 |      33 |            5 |        5 |      33 |                5 |           12 |                    2 |           1 |                   1 |             2 | 
        35 |       35 |        51 |         51 | 67.20883 |  0.37255 |  6.34579 |      20 |              5 |      31 |            4 |        8 |      30 |                8 |           12 |                    3 |           1 |                   1 |             0 | 
        36 |       36 |        51 |         51 | 67.20883 |  0.37255 |  6.30488 |      21 |              7 |      30 |            6 |        6 |      30 |                6 |           14 |                    4 |           1 |                   0 |             0 | 
        37 |       37 |        51 |         51 | 67.20883 |  0.37255 |  6.15178 |      21 |              5 |      30 |            5 |        7 |      29 |                7 |           13 |                    1 |           2 |                   1 |             0 | 
        38 |       38 |        51 |         51 | 67.20883 |  0.37255 |  6.24566 |      25 |              6 |      26 |            2 |        8 |      30 |                8 |            9 |                    0 |           3 |                   2 |             1 | 
        39 |       39 |        50 |         50 | 67.22792 |  0.38000 |  6.30568 |      21 |              4 |      29 |            8 |        5 |      31 |                5 |           11 |                    2 |           2 |                   0 |             1 | 
        40 |       40 |        49 |         49 | 67.08943 |  0.36735 |  6.56665 |      26 |              6 |      23 |            1 |        6 |      29 |                6 |           12 |                    3 |           1 |                   1 |             1 | 
        41 |       41 |        48 |         48 | 67.20803 |  0.37500 |  6.51999 |      21 |              1 |      27 |            5 |        9 |      25 |                9 |           11 |                    2 |           3 |                   3 |             0 | 
        42 |       42 |        48 |         48 | 67.20803 |  0.37500 |  6.64597 |      23 |              3 |      25 |            1 |        5 |      26 |                5 |           12 |                    4 |           3 |                   2 |             2 | 
        43 |       43 |        46 |         46 | 67.33689 |  0.34783 |  6.62743 |      18 |              4 |      28 |            7 |        3 |      28 |                3 |           13 |                    4 |           2 |                   0 |             0 | 
        44 |       44 |        46 |         46 | 67.33689 |  0.34783 |  6.78810 |      17 |              3 |      29 |            4 |        5 |      26 |                5 |           12 |                    4 |           3 |                   1 |             0 | 
        45 |       45 |        46 |         46 | 67.33689 |  0.34783 |  6.72585 |      12 |              4 |      34 |            9 |        8 |      24 |                8 |           11 |                    1 |           1 |                   0 |             2 | 
        46 |       46 |        44 |         44 | 68.21031 |  0.36364 |  6.70125 |      14 |              4 |      30 |            2 |        4 |      28 |                4 |           10 |                    3 |           2 |                   1 |             0 | 
        47 |       47 |        44 |         44 | 68.21031 |  0.36364 |  6.67586 |      17 |              5 |      27 |            2 |        4 |      28 |                4 |           10 |                    1 |           1 |                   0 |             1 | 
        48 |       48 |        43 |         43 | 68.45387 |  0.37209 |  6.63635 |      22 |              5 |      21 |            0 |        5 |      25 |                5 |           10 |                    4 |           2 |                   2 |             1 | 
        49 |       49 |        42 |         42 | 68.33319 |  0.38095 |  6.77457 |      15 |              1 |      27 |            7 |        7 |      20 |                7 |           12 |                    4 |           2 |                   2 |             1 | 
        50 |       50 |        41 |         41 | 67.95471 |  0.36585 |  6.98637 |      17 |              5 |      24 |            3 |        4 |      22 |                4 |           11 |                    1 |           4 |                   2 |             0 | 
        51 |       51 |        41 |         41 | 67.95471 |  0.36585 |  6.88239 |      19 |              5 |      22 |            3 |        5 |      20 |                5 |           11 |                    2 |           4 |                   2 |             1 | 
        52 |       52 |        40 |         40 | 69.02598 |  0.35000 |  6.46752 |      17 |              2 |      23 |            3 |        3 |      21 |                3 |           11 |                    2 |           4 |                   2 |             1 | 
        53 |       53 |        39 |         39 | 69.55745 |  0.35897 |  6.22848 |      18 |              3 |      21 |            2 |        4 |      19 |                4 |           11 |                    2 |           4 |                   1 |             1 | 
        54 |       54 |        38 |         38 | 69.36540 |  0.36842 |  6.27500 |      18 |              4 |      20 |            3 |        2 |      21 |                2 |           10 |                    3 |           4 |                   2 |             1 | 
        55 |       55 |        37 |         37 | 69.49012 |  0.37838 |  6.60837 |      20 |              6 |      17 |            4 |        4 |      20 |                4 |            8 |                    2 |           3 |                   2 |             2 | 
        56 |       56 |        35 |         35 | 69.75358 |  0.40000 |  6.61669 |      17 |              2 |      18 |            4 |        3 |      22 |                3 |            5 |                    0 |           3 |                   2 |             2 | 
        57 |       57 |        33 |         33 | 70.11799 |  0.42424 |  6.41731 |      12 |              2 |      21 |            5 |        0 |      24 |                0 |            6 |                    3 |           3 |                   1 |             0 | 
        58 |       58 |        33 |         33 | 70.11799 |  0.42424 |  6.34801 |      13 |              3 |      20 |            2 |        6 |      20 |                6 |            5 |                    1 |           1 |                   0 |             1 | 
        59 |       59 |        32 |         32 | 70.10923 |  0.40625 |  6.55815 |      13 |              4 |      19 |            3 |        0 |      26 |                0 |            3 |                    0 |           3 |                   2 |             0 | 
        60 |       60 |        32 |         32 | 70.10923 |  0.40625 |  6.53395 |      16 |              5 |      16 |            2 |        3 |      20 |                3 |            7 |                    5 |           0 |                   0 |             2 | 
         1 |        5 |       436 |        100 | 66.78275 |  0.45000 |  4.66450 |     142 |             52 |     294 |           33 |       55 |     261 |               55 |           55 |                   24 |          41 |                   9 |            24 | 
         6 |       10 |       376 |         76 | 66.45877 |  0.43421 |  5.06568 |     152 |             33 |     224 |           36 |       50 |     255 |               50 |           57 |                   18 |          12 |                   5 |             2 | 
        11 |       15 |       354 |         74 | 66.74233 |  0.43243 |  5.48250 |     157 |             39 |     197 |           29 |       56 |     219 |               56 |           61 |                   18 |          11 |                   9 |             7 | 
        16 |       20 |       326 |         67 | 66.23105 |  0.40299 |  5.64189 |     158 |             36 |     168 |           39 |       46 |     221 |               46 |           46 |                   15 |           9 |                   3 |             4 | 
        21 |       25 |       308 |         63 | 65.84463 |  0.39683 |  5.84717 |     134 |             30 |     174 |           32 |       48 |     179 |               48 |           69 |                   16 |           8 |                   6 |             4 | 
        26 |       30 |       288 |         59 | 66.80356 |  0.37288 |  6.06378 |     109 |             24 |     179 |           27 |       38 |     185 |               38 |           53 |                   13 |           8 |                   5 |             4 | 
        31 |       35 |       266 |         55 | 66.68691 |  0.36364 |  6.28694 |     103 |             28 |     163 |           26 |       37 |     160 |               37 |           59 |                   14 |           6 |                   5 |             4 | 
        36 |       40 |       252 |         51 | 67.20883 |  0.37255 |  6.31297 |     114 |             28 |     138 |           22 |       32 |     149 |               32 |           59 |                   10 |           9 |                   4 |             3 | 
        41 |       45 |       234 |         48 | 67.20803 |  0.37500 |  6.66013 |      91 |             15 |     143 |           26 |       30 |     129 |               30 |           59 |                   15 |          12 |                   6 |             4 | 
        46 |       50 |       214 |         44 | 68.21031 |  0.36364 |  6.75200 |      85 |             20 |     129 |           14 |       24 |     123 |               24 |           53 |                   13 |          11 |                   7 |             3 | 
        51 |       55 |       195 |         41 | 67.95471 |  0.36585 |  6.49615 |      92 |             20 |     103 |           15 |       18 |     101 |               18 |           51 |                   11 |          19 |                   9 |             6 | 
        56 |       60 |       165 |         35 | 69.75358 |  0.40000 |  6.49568 |      71 |             16 |      94 |           16 |       12 |     112 |               12 |           26 |                    9 |          10 |                   5 |             5 | 
         1 |       10 |       812 |        100 | 66.78275 |  0.45000 |  4.85027 |     294 |             85 |     518 |           69 |      105 |     516 |              105 |          112 |                   42 |          53 |                  14 |            26 | 
        11 |       20 |       680 |         74 | 66.74233 |  0.43243 |  5.55891 |     315 |             75 |     365 |           68 |      102 |     440 |              102 |          107 |                   33 |          20 |                  12 |            11 | 
        21 |       30 |       596 |         63 | 65.84463 |  0.39683 |  5.95184 |     243 |             54 |     353 |           59 |       86 |     364 |               86 |          122 |                   29 |          16 |                  11 |             8 | 
        31 |       40 |       518 |         55 | 66.68691 |  0.36364 |  6.29960 |     217 |             56 |     301 |           48 |       69 |     309 |               69 |          118 |                   24 |          15 |                   9 |             7 | 
        41 |       50 |       448 |         48 | 67.20803 |  0.37500 |  6.70401 |     176 |             35 |     272 |           40 |       54 |     252 |               54 |          112 |                   28 |          23 |                  13 |             7 | 
        51 |       60 |       360 |         41 | 67.95471 |  0.36585 |  6.49593 |     163 |             36 |     197 |           31 |       30 |     213 |               30 |           77 |                   20 |          29 |                  14 |            11 | 
         1 |       20 |      1492 |        100 | 66.78275 |  0.45000 |  5.17324 |     609 |            160 |     883 |          137 |      207 |     956 |              207 |          219 |                   75 |          73 |                  26 |            37 | 
        21 |       40 |      1114 |         63 | 65.84463 |  0.39683 |  6.11355 |     460 |            110 |     654 |          107 |      155 |     673 |              155 |          240 |                   53 |          31 |                  20 |            15 | 
        41 |       60 |       808 |         48 | 67.20803 |  0.37500 |  6.61130 |     339 |             71 |     469 |           71 |       84 |     465 |               84 |          189 |                   48 |          52 |                  27 |            18 | 
         1 |       60 |      3414 |        100 | 66.78275 |  0.45000 |  5.82042 |    1408 |            341 |    2006 |          315 |      446 |    2094 |              446 |          648 |                  176 |         156 |                  73 |            70 | 
Report Column Filter was:[('<Header>', 'Auto Detect', ''), ('Age', 'Auto Detect', ''), ('Male', 'Auto Detect', ''), ('Lactate', 'Auto Detect', ''), ('NoSIRS', 'Auto Detect', ''), ('NoSIRS_Entered', 'Auto Detect', ''), ('SIRS', 'Auto Detect', ''), ('SIRS_Entered', 'Auto Detect', ''), ('NoSpesis', 'Auto Detect', ''), ('Sepsis', 'Auto Detect', ''), ('NoSpesis_Entered', 'Auto Detect', ''), ('SevereSepsis', 'Auto Detect', ''), ('SevereSepsis_Entered', 'Auto Detect', ''), ('SepticShock', 'Auto Detect', ''), ('SepticShock_Entered', 'Auto Detect', ''), ('Death_Entered', 'Auto Detect', '')]
______________________________________________________________________
