Results ID: 1
Created On: 2019-08-16 22:43:56.794000
For Project: Sepsis Demo for GE presentation
Summary Statistics:
Stratification - None: 
           |          |           |            |      Age |     Male |  Lactate |  NoSIRS | NoSIRS_Entered |    SIRS | SIRS_Entered | NoSpesis |  Sepsis | NoSpesis_Entered | SevereSepsis | SevereSepsis_Entered | SepticShock | SepticShock_Entered | Death_Entered | 
Start Step | End Step | Rec Count | Dem. Count | Avg Dem. | Avg Dem. |  Avg All | Sum All |        Sum All | Sum All |      Sum All |  Sum All | Sum All |          Sum All |      Sum All |              Sum All |     Sum All |             Sum All |       Sum All | 
         0 |        0 |       100 |        100 | 66.24510 |  0.44000 |  5.05206 |       6 |              0 |      94 |            0 |       32 |      27 |                0 |           13 |                    0 |          28 |                   0 |             0 | 
         1 |        1 |       100 |        100 | 66.24510 |  0.44000 |  5.19916 |      23 |             17 |      77 |            0 |        5 |      57 |                5 |           13 |                    4 |          12 |                   1 |            13 | 
         2 |        2 |        87 |         87 | 67.00215 |  0.47126 |  3.80850 |      31 |             13 |      56 |            3 |       22 |      43 |               22 |           11 |                    4 |           6 |                   1 |             5 | 
         3 |        3 |        82 |         82 | 66.59936 |  0.47561 |  3.16807 |      44 |             18 |      38 |            4 |       12 |      55 |               12 |           12 |                    7 |           1 |                   0 |             2 | 
         4 |        4 |        80 |         80 | 66.65865 |  0.47500 |  2.60337 |      44 |             11 |      36 |           10 |       23 |      47 |               23 |            9 |                    2 |           1 |                   0 |             0 | 
         5 |        5 |        80 |         80 | 66.65865 |  0.47500 |  2.22968 |      51 |             17 |      29 |           10 |       21 |      50 |               21 |            7 |                    2 |           1 |                   1 |             1 | 
         6 |        6 |        79 |         79 | 66.69345 |  0.48101 |  1.89807 |      45 |              7 |      34 |           13 |       20 |      52 |               20 |            7 |                    3 |           0 |                   0 |             0 | 
         7 |        7 |        79 |         79 | 66.69345 |  0.48101 |  1.68702 |      48 |             16 |      31 |           13 |       28 |      42 |               28 |            9 |                    4 |           0 |                   0 |             0 | 
         8 |        8 |        79 |         79 | 66.69345 |  0.48101 |  1.58953 |      50 |             11 |      29 |            9 |       14 |      54 |               14 |           10 |                    5 |           1 |                   1 |             0 | 
         9 |        9 |        79 |         79 | 66.69345 |  0.48101 |  1.40403 |      44 |             11 |      35 |           17 |       26 |      39 |               26 |           12 |                    5 |           2 |                   2 |             0 | 
        10 |       10 |        79 |         79 | 66.69345 |  0.48101 |  1.34371 |      51 |             16 |      28 |            9 |       17 |      51 |               17 |            8 |                    3 |           2 |                   1 |             1 | 
        11 |       11 |        78 |         78 | 66.40297 |  0.47436 |  1.21588 |      44 |              8 |      34 |           14 |       30 |      40 |               30 |            8 |                    3 |           0 |                   0 |             0 | 
        12 |       12 |        78 |         78 | 66.40297 |  0.47436 |  1.23601 |      48 |             12 |      30 |            8 |       19 |      53 |               19 |            6 |                    2 |           0 |                   0 |             0 | 
        13 |       13 |        78 |         78 | 66.40297 |  0.47436 |  0.96641 |      46 |             14 |      32 |           16 |       21 |      49 |               21 |            8 |                    6 |           0 |                   0 |             0 | 
        14 |       14 |        78 |         78 | 66.40297 |  0.47436 |  0.88647 |      50 |             17 |      28 |           13 |       21 |      51 |               21 |            4 |                    2 |           2 |                   2 |             0 | 
        15 |       15 |        78 |         78 | 66.40297 |  0.47436 |  0.92796 |      51 |             12 |      27 |           11 |       26 |      44 |               26 |            6 |                    4 |           0 |                   0 |             2 | 
        16 |       16 |        76 |         76 | 66.22748 |  0.47368 |  0.93013 |      46 |             12 |      30 |           15 |       17 |      52 |               17 |            5 |                    3 |           2 |                   2 |             0 | 
        17 |       17 |        76 |         76 | 66.22748 |  0.47368 |  0.83486 |      54 |             13 |      22 |            5 |       29 |      40 |               29 |            7 |                    3 |           0 |                   0 |             0 | 
        18 |       18 |        76 |         76 | 66.22748 |  0.47368 |  0.83240 |      51 |              8 |      25 |           11 |       23 |      45 |               23 |            8 |                    2 |           0 |                   0 |             0 | 
        19 |       19 |        76 |         76 | 66.22748 |  0.47368 |  0.76382 |      51 |             12 |      25 |           12 |       22 |      46 |               22 |            7 |                    3 |           1 |                   1 |             0 | 
        20 |       20 |        76 |         76 | 66.22748 |  0.47368 |  0.83038 |      53 |             14 |      23 |           12 |       25 |      43 |               25 |            7 |                    3 |           0 |                   0 |             1 | 
        21 |       21 |        75 |         75 | 66.46455 |  0.46667 |  0.82732 |      49 |              7 |      26 |           10 |       18 |      51 |               18 |            6 |                    4 |           0 |                   0 |             0 | 
        22 |       22 |        75 |         75 | 66.46455 |  0.46667 |  0.69045 |      55 |             15 |      20 |            9 |       27 |      41 |               27 |            5 |                    3 |           2 |                   2 |             0 | 
        23 |       23 |        75 |         75 | 66.46455 |  0.46667 |  0.66421 |      62 |             14 |      13 |            7 |       21 |      49 |               21 |            4 |                    3 |           1 |                   1 |             0 | 
        24 |       24 |        75 |         75 | 66.46455 |  0.46667 |  0.72920 |      50 |              7 |      25 |           19 |       21 |      46 |               21 |            6 |                    4 |           2 |                   1 |             0 | 
        25 |       25 |        75 |         75 | 66.46455 |  0.46667 |  0.81478 |      54 |             13 |      21 |            9 |       22 |      45 |               22 |            7 |                    5 |           1 |                   0 |             0 | 
        26 |       26 |        75 |         75 | 66.46455 |  0.46667 |  0.88122 |      50 |              9 |      25 |           13 |       23 |      46 |               23 |            5 |                    3 |           0 |                   0 |             1 | 
        27 |       27 |        74 |         74 | 66.52092 |  0.45946 |  0.76320 |      43 |              9 |      31 |           16 |       25 |      44 |               25 |            5 |                    3 |           0 |                   0 |             0 | 
        28 |       28 |        74 |         74 | 66.52092 |  0.45946 |  0.95180 |      44 |             14 |      30 |           13 |       20 |      50 |               20 |            3 |                    2 |           1 |                   1 |             0 | 
        29 |       29 |        74 |         74 | 66.52092 |  0.45946 |  0.81693 |      53 |             18 |      21 |            9 |       27 |      41 |               27 |            4 |                    4 |           1 |                   1 |             1 | 
        30 |       30 |        73 |         73 | 66.52163 |  0.46575 |  0.86057 |      53 |             10 |      20 |            9 |       22 |      49 |               22 |            0 |                    0 |           2 |                   1 |             0 | 
        31 |       31 |        73 |         73 | 66.52163 |  0.46575 |  0.81671 |      47 |              6 |      26 |           12 |       22 |      42 |               22 |            9 |                    9 |           0 |                   0 |             0 | 
        32 |       32 |        73 |         73 | 66.52163 |  0.46575 |  0.84997 |      47 |             10 |      26 |           10 |       16 |      47 |               16 |            8 |                    5 |           2 |                   2 |             0 | 
        33 |       33 |        73 |         73 | 66.52163 |  0.46575 |  0.84871 |      51 |             13 |      22 |            9 |       26 |      41 |               26 |            5 |                    4 |           0 |                   0 |             1 | 
        34 |       34 |        72 |         72 | 66.74539 |  0.47222 |  0.86276 |      49 |              9 |      23 |           10 |       17 |      51 |               17 |            3 |                    0 |           1 |                   1 |             0 | 
        35 |       35 |        72 |         72 | 66.74539 |  0.47222 |  0.98251 |      45 |              7 |      27 |           11 |       21 |      44 |               21 |            5 |                    4 |           2 |                   2 |             0 | 
        36 |       36 |        72 |         72 | 66.74539 |  0.47222 |  0.93780 |      48 |             14 |      24 |           11 |       22 |      46 |               22 |            3 |                    1 |           0 |                   0 |             1 | 
        37 |       37 |        71 |         71 | 66.39863 |  0.46479 |  1.00685 |      54 |             13 |      17 |            6 |       25 |      41 |               25 |            5 |                    3 |           0 |                   0 |             0 | 
        38 |       38 |        71 |         71 | 66.39863 |  0.46479 |  0.90454 |      53 |              7 |      18 |            8 |       18 |      49 |               18 |            4 |                    1 |           0 |                   0 |             0 | 
        39 |       39 |        71 |         71 | 66.39863 |  0.46479 |  0.68764 |      51 |              7 |      20 |            9 |       26 |      39 |               26 |            6 |                    5 |           0 |                   0 |             0 | 
        40 |       40 |        71 |         71 | 66.39863 |  0.46479 |  0.74256 |      52 |             10 |      19 |            9 |       12 |      49 |               12 |           10 |                    7 |           0 |                   0 |             0 | 
        41 |       41 |        71 |         71 | 66.39863 |  0.46479 |  0.62660 |      52 |              8 |      19 |            8 |       22 |      38 |               22 |           11 |                    7 |           0 |                   0 |             0 | 
        42 |       42 |        71 |         71 | 66.39863 |  0.46479 |  0.57304 |      49 |              8 |      22 |           11 |       14 |      51 |               14 |            6 |                    1 |           0 |                   0 |             0 | 
        43 |       43 |        71 |         71 | 66.39863 |  0.46479 |  0.64828 |      46 |             11 |      25 |           14 |       21 |      45 |               21 |            5 |                    1 |           0 |                   0 |             0 | 
        44 |       44 |        71 |         71 | 66.39863 |  0.46479 |  0.92991 |      48 |             13 |      23 |           11 |       24 |      46 |               24 |            0 |                    0 |           1 |                   1 |             0 | 
        45 |       45 |        71 |         71 | 66.39863 |  0.46479 |  0.92344 |      51 |             12 |      20 |            9 |       27 |      42 |               27 |            2 |                    2 |           0 |                   0 |             0 | 
        46 |       46 |        71 |         71 | 66.39863 |  0.46479 |  0.88410 |      47 |              9 |      24 |           13 |       18 |      45 |               18 |            7 |                    7 |           1 |                   1 |             0 | 
        47 |       47 |        71 |         71 | 66.39863 |  0.46479 |  0.75244 |      47 |             10 |      24 |           10 |       24 |      41 |               24 |            5 |                    3 |           1 |                   1 |             0 | 
        48 |       48 |        71 |         71 | 66.39863 |  0.46479 |  0.73072 |      47 |             12 |      24 |           12 |       22 |      43 |               22 |            5 |                    2 |           0 |                   0 |             1 | 
        49 |       49 |        70 |         70 | 66.28833 |  0.47143 |  0.85669 |      45 |             11 |      25 |           12 |       24 |      36 |               24 |            9 |                    5 |           1 |                   1 |             0 | 
        50 |       50 |        70 |         70 | 66.28833 |  0.47143 |  0.71740 |      45 |             13 |      25 |           13 |       19 |      43 |               19 |            7 |                    5 |           1 |                   1 |             0 | 
        51 |       51 |        70 |         70 | 66.28833 |  0.47143 |  0.71645 |      46 |             10 |      24 |            9 |       32 |      30 |               32 |            6 |                    3 |           2 |                   2 |             0 | 
        52 |       52 |        70 |         70 | 66.28833 |  0.47143 |  0.83984 |      47 |             13 |      23 |           12 |       19 |      44 |               19 |            6 |                    3 |           1 |                   1 |             0 | 
        53 |       53 |        70 |         70 | 66.28833 |  0.47143 |  0.59807 |      46 |             11 |      24 |           12 |       19 |      47 |               19 |            2 |                    2 |           1 |                   1 |             1 | 
        54 |       54 |        69 |         69 | 66.20423 |  0.47826 |  0.55727 |      45 |             11 |      24 |           11 |       31 |      33 |               31 |            5 |                    5 |           0 |                   0 |             0 | 
        55 |       55 |        69 |         69 | 66.20423 |  0.47826 |  0.64217 |      49 |             14 |      20 |           10 |       20 |      42 |               20 |            6 |                    3 |           1 |                   1 |             0 | 
        56 |       56 |        69 |         69 | 66.20423 |  0.47826 |  0.45640 |      51 |             11 |      18 |            9 |       21 |      42 |               21 |            6 |                    3 |           0 |                   0 |             0 | 
        57 |       57 |        69 |         69 | 66.20423 |  0.47826 |  0.55273 |      47 |              7 |      22 |           11 |       19 |      40 |               19 |            9 |                    6 |           1 |                   1 |             0 | 
        58 |       58 |        69 |         69 | 66.20423 |  0.47826 |  0.71023 |      48 |              9 |      21 |            8 |       22 |      40 |               22 |            6 |                    2 |           1 |                   0 |             0 | 
        59 |       59 |        69 |         69 | 66.20423 |  0.47826 |  0.67254 |      44 |              9 |      25 |           13 |       24 |      36 |               24 |            8 |                    4 |           1 |                   1 |             0 | 
        60 |       60 |        69 |         69 | 66.20423 |  0.47826 |  0.61877 |      49 |             14 |      20 |            9 |       14 |      45 |               14 |            9 |                    6 |           1 |                   1 |             0 | 
         1 |        5 |       429 |        100 | 66.24510 |  0.44000 |  3.49110 |     193 |             76 |     236 |           27 |       83 |     252 |               83 |           52 |                   19 |          21 |                   3 |            21 | 
         6 |       10 |       395 |         79 | 66.69345 |  0.48101 |  1.58447 |     238 |             61 |     157 |           61 |      105 |     238 |              105 |           46 |                   20 |           5 |                   4 |             1 | 
        11 |       15 |       390 |         78 | 66.40297 |  0.47436 |  1.04655 |     239 |             63 |     151 |           62 |      117 |     237 |              117 |           32 |                   17 |           2 |                   2 |             2 | 
        16 |       20 |       380 |         76 | 66.22748 |  0.47368 |  0.83832 |     255 |             59 |     125 |           55 |      116 |     226 |              116 |           34 |                   14 |           3 |                   3 |             1 | 
        21 |       25 |       375 |         75 | 66.46455 |  0.46667 |  0.74519 |     270 |             56 |     105 |           54 |      109 |     232 |              109 |           28 |                   19 |           6 |                   4 |             0 | 
        26 |       30 |       370 |         75 | 66.46455 |  0.46667 |  0.85480 |     243 |             60 |     127 |           60 |      117 |     230 |              117 |           17 |                   12 |           4 |                   3 |             2 | 
        31 |       35 |       363 |         73 | 66.52163 |  0.46575 |  0.87185 |     239 |             45 |     124 |           52 |      102 |     225 |              102 |           30 |                   22 |           5 |                   5 |             1 | 
        36 |       40 |       356 |         72 | 66.74539 |  0.47222 |  0.85611 |     258 |             51 |      98 |           43 |      103 |     224 |              103 |           28 |                   17 |           0 |                   0 |             1 | 
        41 |       45 |       355 |         71 | 66.39863 |  0.46479 |  0.74025 |     246 |             52 |     109 |           53 |      108 |     222 |              108 |           24 |                   11 |           1 |                   1 |             0 | 
        46 |       50 |       353 |         71 | 66.39863 |  0.46479 |  0.78828 |     231 |             55 |     122 |           60 |      107 |     208 |              107 |           33 |                   22 |           4 |                   4 |             1 | 
        51 |       55 |       348 |         70 | 66.28833 |  0.47143 |  0.67117 |     233 |             59 |     115 |           54 |      121 |     196 |              121 |           25 |                   16 |           5 |                   5 |             1 | 
        56 |       60 |       345 |         69 | 66.20423 |  0.47826 |  0.60213 |     239 |             50 |     106 |           50 |      100 |     203 |              100 |           38 |                   21 |           4 |                   3 |             0 | 
         1 |       10 |       824 |        100 | 66.24510 |  0.44000 |  2.57712 |     431 |            137 |     393 |           88 |      188 |     490 |              188 |           98 |                   39 |          26 |                   7 |            22 | 
        11 |       20 |       770 |         78 | 66.40297 |  0.47436 |  0.94378 |     494 |            122 |     276 |          117 |      233 |     463 |              233 |           66 |                   31 |           5 |                   5 |             3 | 
        21 |       30 |       745 |         75 | 66.46455 |  0.46667 |  0.79963 |     513 |            116 |     232 |          114 |      226 |     462 |              226 |           45 |                   31 |          10 |                   7 |             2 | 
        31 |       40 |       719 |         73 | 66.52163 |  0.46575 |  0.86406 |     497 |             96 |     222 |           95 |      205 |     449 |              205 |           58 |                   39 |           5 |                   5 |             2 | 
        41 |       50 |       708 |         71 | 66.39863 |  0.46479 |  0.76420 |     477 |            107 |     231 |          113 |      215 |     430 |              215 |           57 |                   33 |           5 |                   5 |             1 | 
        51 |       60 |       693 |         70 | 66.28833 |  0.47143 |  0.63680 |     472 |            109 |     221 |          104 |      221 |     399 |              221 |           63 |                   37 |           9 |                   8 |             1 | 
         1 |       20 |      1594 |        100 | 66.24510 |  0.44000 |  1.78812 |     925 |            259 |     669 |          205 |      421 |     953 |              421 |          164 |                   70 |          31 |                  12 |            25 | 
        21 |       40 |      1464 |         75 | 66.46455 |  0.46667 |  0.83127 |    1010 |            212 |     454 |          209 |      431 |     911 |              431 |          103 |                   70 |          15 |                  12 |             4 | 
        41 |       60 |      1401 |         71 | 66.39863 |  0.46479 |  0.70118 |     949 |            216 |     452 |          217 |      436 |     829 |              436 |          120 |                   70 |          14 |                  13 |             2 | 
         1 |       60 |      4459 |        100 | 66.24510 |  0.44000 |  1.13245 |    2884 |            687 |    1575 |          631 |     1288 |    2693 |             1288 |          387 |                  210 |          60 |                  37 |            31 | 
Report Column Filter was:[('<Header>', 'Auto Detect', ''), ('Age', 'Auto Detect', ''), ('Male', 'Auto Detect', ''), ('Lactate', 'Auto Detect', ''), ('NoSIRS', 'Auto Detect', ''), ('NoSIRS_Entered', 'Auto Detect', ''), ('SIRS', 'Auto Detect', ''), ('SIRS_Entered', 'Auto Detect', ''), ('NoSpesis', 'Auto Detect', ''), ('Sepsis', 'Auto Detect', ''), ('NoSpesis_Entered', 'Auto Detect', ''), ('SevereSepsis', 'Auto Detect', ''), ('SevereSepsis_Entered', 'Auto Detect', ''), ('SepticShock', 'Auto Detect', ''), ('SepticShock_Entered', 'Auto Detect', ''), ('Death_Entered', 'Auto Detect', '')]
______________________________________________________________________
