Results ID: 2
Created On: 2019-08-16 22:50:46.252000
For Project: Sepsis + EC Demo for GE presentation
Summary Statistics:
Stratification - None: 
           |          |           |            |      Age |     Male |  Lactate |  NoSIRS | NoSIRS_Entered |    SIRS | SIRS_Entered | NoSpesis |  Sepsis | NoSpesis_Entered | SevereSepsis | SevereSepsis_Entered | SepticShock | SepticShock_Entered | Death_Entered | 
Start Step | End Step | Rec Count | Dem. Count | Avg Dem. | Avg Dem. |  Avg All | Sum All |        Sum All | Sum All |      Sum All |  Sum All | Sum All |          Sum All |      Sum All |              Sum All |     Sum All |             Sum All |       Sum All | 
         0 |        0 |       100 |        100 | 66.78275 |  0.45000 |  4.70175 |      12 |              0 |      88 |            0 |       21 |      38 |                0 |           14 |                    0 |          27 |                   0 |             0 | 
         1 |        1 |       100 |        100 | 66.78275 |  0.45000 |  4.90354 |      29 |             18 |      71 |            1 |        9 |      50 |                9 |           17 |                    9 |          18 |                   2 |             6 | 
         2 |        2 |        94 |         94 | 66.48024 |  0.45745 |  3.77323 |      31 |             12 |      63 |            8 |       13 |      44 |               13 |           20 |                    8 |           9 |                   2 |             8 | 
         3 |        3 |        86 |         86 | 66.29195 |  0.45349 |  3.19419 |      42 |             17 |      44 |            5 |       13 |      50 |               13 |           18 |                    7 |           3 |                   1 |             2 | 
         4 |        4 |        84 |         84 | 66.38049 |  0.45238 |  2.54367 |      50 |             15 |      34 |            7 |       15 |      56 |               15 |            8 |                    6 |           3 |                   2 |             2 | 
         5 |        5 |        82 |         82 | 66.32019 |  0.46341 |  2.15170 |      53 |             13 |      29 |            9 |       22 |      52 |               22 |            5 |                    3 |           2 |                   1 |             1 | 
         6 |        6 |        81 |         81 | 66.58186 |  0.46914 |  1.80255 |      54 |              9 |      27 |            7 |       17 |      53 |               17 |           10 |                    7 |           0 |                   0 |             1 | 
         7 |        7 |        80 |         80 | 66.28414 |  0.46250 |  1.60842 |      46 |              8 |      34 |           15 |       19 |      49 |               19 |            8 |                    6 |           4 |                   4 |             0 | 
         8 |        8 |        80 |         80 | 66.28414 |  0.46250 |  1.39941 |      47 |             16 |      33 |           15 |       20 |      47 |               20 |           10 |                    6 |           1 |                   1 |             2 | 
         9 |        9 |        78 |         78 | 66.16489 |  0.46154 |  1.38334 |      44 |              8 |      34 |            9 |       23 |      48 |               23 |            5 |                    2 |           1 |                   1 |             1 | 
        10 |       10 |        77 |         77 | 66.37271 |  0.45455 |  1.39529 |      45 |             14 |      32 |           12 |       20 |      48 |               20 |            8 |                    5 |           1 |                   1 |             0 | 
        11 |       11 |        77 |         77 | 66.37271 |  0.45455 |  1.32355 |      56 |             18 |      21 |            7 |       26 |      45 |               26 |            5 |                    1 |           1 |                   1 |             0 | 
        12 |       12 |        77 |         77 | 66.37271 |  0.45455 |  1.29781 |      49 |              8 |      28 |           15 |       20 |      46 |               20 |            9 |                    7 |           1 |                   1 |             1 | 
        13 |       13 |        76 |         76 | 66.22323 |  0.46053 |  1.15493 |      54 |             15 |      22 |            9 |       20 |      47 |               20 |            8 |                    5 |           1 |                   0 |             0 | 
        14 |       14 |        76 |         76 | 66.22323 |  0.46053 |  1.13374 |      53 |             10 |      23 |           11 |       26 |      44 |               26 |            5 |                    3 |           1 |                   1 |             0 | 
        15 |       15 |        76 |         76 | 66.22323 |  0.46053 |  1.22891 |      48 |             13 |      28 |           18 |       23 |      46 |               23 |            6 |                    2 |           0 |                   0 |             1 | 
        16 |       16 |        75 |         75 | 65.96756 |  0.46667 |  1.00026 |      45 |              8 |      30 |           10 |       20 |      44 |               20 |           10 |                    7 |           1 |                   1 |             0 | 
        17 |       17 |        75 |         75 | 65.96756 |  0.46667 |  0.98844 |      56 |             15 |      19 |            4 |       18 |      51 |               18 |            5 |                    3 |           1 |                   1 |             0 | 
        18 |       18 |        75 |         75 | 65.96756 |  0.46667 |  0.94310 |      54 |              8 |      21 |           10 |       29 |      43 |               29 |            3 |                    2 |           0 |                   0 |             0 | 
        19 |       19 |        75 |         75 | 65.96756 |  0.46667 |  0.86534 |      55 |             11 |      20 |           10 |       24 |      48 |               24 |            1 |                    1 |           2 |                   2 |             0 | 
        20 |       20 |        75 |         75 | 65.96756 |  0.46667 |  0.95523 |      49 |              8 |      26 |           14 |       25 |      48 |               25 |            1 |                    1 |           1 |                   0 |             0 | 
        21 |       21 |        75 |         75 | 65.96756 |  0.46667 |  0.84342 |      54 |             16 |      21 |           11 |       25 |      43 |               25 |            6 |                    5 |           1 |                   0 |             0 | 
        22 |       22 |        75 |         75 | 65.96756 |  0.46667 |  0.78571 |      51 |             10 |      24 |           13 |       17 |      50 |               17 |            6 |                    3 |           1 |                   1 |             1 | 
        23 |       23 |        74 |         74 | 65.88541 |  0.47297 |  1.00350 |      53 |             12 |      21 |            9 |       22 |      48 |               22 |            2 |                    2 |           2 |                   2 |             0 | 
        24 |       24 |        74 |         74 | 65.88541 |  0.47297 |  0.92105 |      49 |              9 |      25 |           13 |       26 |      41 |               26 |            4 |                    3 |           2 |                   1 |             1 | 
        25 |       25 |        73 |         73 | 65.78080 |  0.47945 |  0.92487 |      54 |             16 |      19 |           10 |       19 |      47 |               19 |            6 |                    3 |           0 |                   0 |             1 | 
        26 |       26 |        72 |         72 | 65.60031 |  0.48611 |  0.81023 |      47 |              9 |      25 |           15 |       26 |      37 |               26 |            8 |                    8 |           1 |                   1 |             0 | 
        27 |       27 |        72 |         72 | 65.60031 |  0.48611 |  0.75263 |      49 |              8 |      23 |            6 |       18 |      48 |               18 |            6 |                    4 |           0 |                   0 |             0 | 
        28 |       28 |        72 |         72 | 65.60031 |  0.48611 |  0.73593 |      48 |             12 |      24 |           13 |       20 |      46 |               20 |            6 |                    5 |           0 |                   0 |             0 | 
        29 |       29 |        72 |         72 | 65.60031 |  0.48611 |  0.64906 |      53 |             16 |      19 |           11 |       23 |      42 |               23 |            7 |                    4 |           0 |                   0 |             0 | 
        30 |       30 |        72 |         72 | 65.60031 |  0.48611 |  0.85371 |      52 |              8 |      20 |            9 |       15 |      46 |               15 |           10 |                    8 |           1 |                   1 |             0 | 
        31 |       31 |        72 |         72 | 65.60031 |  0.48611 |  0.82704 |      47 |              8 |      25 |           13 |       16 |      43 |               16 |           11 |                    7 |           2 |                   2 |             0 | 
        32 |       32 |        72 |         72 | 65.60031 |  0.48611 |  0.95354 |      41 |             11 |      31 |           17 |       24 |      37 |               24 |            7 |                    3 |           3 |                   3 |             1 | 
        33 |       33 |        71 |         71 | 65.84399 |  0.49296 |  0.94577 |      51 |             15 |      20 |            4 |       19 |      46 |               19 |            4 |                    4 |           1 |                   1 |             1 | 
        34 |       34 |        70 |         70 | 65.46494 |  0.48571 |  0.83844 |      50 |              7 |      20 |            7 |       22 |      41 |               22 |            6 |                    3 |           0 |                   0 |             1 | 
        35 |       35 |        69 |         69 | 65.53493 |  0.47826 |  0.85228 |      49 |              8 |      20 |            8 |       21 |      43 |               21 |            4 |                    2 |           1 |                   1 |             0 | 
        36 |       36 |        69 |         69 | 65.53493 |  0.47826 |  0.84634 |      48 |              8 |      21 |            9 |       19 |      45 |               19 |            4 |                    3 |           0 |                   0 |             1 | 
        37 |       37 |        68 |         68 | 65.70090 |  0.48529 |  0.74985 |      47 |              9 |      21 |            9 |       22 |      44 |               22 |            2 |                    1 |           0 |                   0 |             0 | 
        38 |       38 |        68 |         68 | 65.70090 |  0.48529 |  0.82302 |      53 |             11 |      15 |            5 |       21 |      44 |               21 |            3 |                    3 |           0 |                   0 |             0 | 
        39 |       39 |        68 |         68 | 65.70090 |  0.48529 |  0.81019 |      43 |              4 |      25 |           14 |       24 |      40 |               24 |            3 |                    2 |           1 |                   1 |             0 | 
        40 |       40 |        68 |         68 | 65.70090 |  0.48529 |  0.69761 |      42 |             12 |      26 |           13 |       21 |      41 |               21 |            6 |                    3 |           0 |                   0 |             0 | 
        41 |       41 |        68 |         68 | 65.70090 |  0.48529 |  0.63826 |      41 |             11 |      27 |           12 |       20 |      41 |               20 |            7 |                    4 |           0 |                   0 |             0 | 
        42 |       42 |        68 |         68 | 65.70090 |  0.48529 |  0.69545 |      43 |             12 |      25 |           10 |       23 |      37 |               23 |            7 |                    4 |           1 |                   1 |             0 | 
        43 |       43 |        68 |         68 | 65.70090 |  0.48529 |  0.72208 |      40 |             10 |      28 |           13 |       14 |      46 |               14 |            7 |                    4 |           1 |                   1 |             0 | 
        44 |       44 |        68 |         68 | 65.70090 |  0.48529 |  0.77625 |      46 |             14 |      22 |            8 |       25 |      32 |               25 |            9 |                    7 |           2 |                   2 |             0 | 
        45 |       45 |        68 |         68 | 65.70090 |  0.48529 |  0.80490 |      38 |              9 |      30 |           17 |       18 |      46 |               18 |            2 |                    1 |           1 |                   0 |             1 | 
        46 |       46 |        67 |         67 | 65.54764 |  0.49254 |  0.69675 |      43 |             17 |      24 |           11 |       28 |      33 |               28 |            6 |                    5 |           0 |                   0 |             0 | 
        47 |       47 |        67 |         67 | 65.54764 |  0.49254 |  0.78671 |      48 |             11 |      19 |            6 |       17 |      46 |               17 |            4 |                    1 |           0 |                   0 |             0 | 
        48 |       48 |        67 |         67 | 65.54764 |  0.49254 |  0.74132 |      49 |              7 |      18 |            6 |       29 |      30 |               29 |            6 |                    5 |           2 |                   2 |             0 | 
        49 |       49 |        67 |         67 | 65.54764 |  0.49254 |  0.81176 |      45 |              8 |      22 |           12 |       14 |      45 |               14 |            5 |                    2 |           2 |                   2 |             1 | 
        50 |       50 |        66 |         66 | 65.36867 |  0.48485 |  0.60501 |      45 |              8 |      21 |            7 |       22 |      37 |               22 |            6 |                    5 |           0 |                   0 |             1 | 
        51 |       51 |        65 |         65 | 65.56543 |  0.49231 |  0.80566 |      39 |              7 |      26 |           12 |       26 |      37 |               26 |            0 |                    0 |           2 |                   2 |             0 | 
        52 |       52 |        65 |         65 | 65.56543 |  0.49231 |  0.87656 |      44 |             14 |      21 |            9 |       22 |      38 |               22 |            4 |                    4 |           0 |                   0 |             1 | 
        53 |       53 |        64 |         64 | 65.63056 |  0.50000 |  0.69086 |      43 |             12 |      21 |           12 |       16 |      42 |               16 |            5 |                    4 |           1 |                   1 |             0 | 
        54 |       54 |        64 |         64 | 65.63056 |  0.50000 |  0.78351 |      47 |             11 |      17 |            7 |       21 |      39 |               21 |            3 |                    2 |           0 |                   0 |             1 | 
        55 |       55 |        63 |         63 | 65.88149 |  0.49206 |  0.68574 |      40 |              7 |      23 |           13 |       20 |      41 |               20 |            2 |                    1 |           0 |                   0 |             0 | 
        56 |       56 |        63 |         63 | 65.88149 |  0.49206 |  0.77438 |      35 |              6 |      28 |           11 |       21 |      39 |               21 |            3 |                    2 |           0 |                   0 |             0 | 
        57 |       57 |        63 |         63 | 65.88149 |  0.49206 |  0.68886 |      38 |             13 |      25 |           10 |       18 |      38 |               18 |            7 |                    6 |           0 |                   0 |             0 | 
        58 |       58 |        63 |         63 | 65.88149 |  0.49206 |  0.61716 |      43 |             14 |      20 |            9 |       19 |      40 |               19 |            4 |                    3 |           0 |                   0 |             0 | 
        59 |       59 |        63 |         63 | 65.88149 |  0.49206 |  0.78656 |      44 |             10 |      19 |            9 |       23 |      35 |               23 |            3 |                    2 |           2 |                   2 |             0 | 
        60 |       60 |        63 |         63 | 65.88149 |  0.49206 |  0.75132 |      50 |              9 |      13 |            3 |       20 |      36 |               20 |            6 |                    3 |           1 |                   0 |             0 | 
         1 |        5 |       446 |        100 | 66.78275 |  0.45000 |  3.38530 |     205 |             75 |     241 |           30 |       72 |     252 |               72 |           68 |                   33 |          35 |                   8 |            19 | 
         6 |       10 |       396 |         81 | 66.58186 |  0.46914 |  1.52013 |     236 |             55 |     160 |           58 |       99 |     245 |               99 |           41 |                   26 |           7 |                   7 |             4 | 
        11 |       15 |       382 |         77 | 66.37271 |  0.45455 |  1.22822 |     260 |             64 |     122 |           60 |      115 |     228 |              115 |           33 |                   18 |           4 |                   3 |             2 | 
        16 |       20 |       375 |         75 | 65.96756 |  0.46667 |  0.95047 |     259 |             50 |     116 |           48 |      116 |     234 |              116 |           20 |                   14 |           5 |                   4 |             0 | 
        21 |       25 |       371 |         75 | 65.96756 |  0.46667 |  0.89520 |     261 |             63 |     110 |           56 |      109 |     229 |              109 |           24 |                   16 |           6 |                   4 |             3 | 
        26 |       30 |       360 |         72 | 65.60031 |  0.48611 |  0.76031 |     249 |             53 |     111 |           54 |      102 |     219 |              102 |           37 |                   29 |           2 |                   2 |             0 | 
        31 |       35 |       354 |         72 | 65.60031 |  0.48611 |  0.88376 |     238 |             49 |     116 |           49 |      102 |     210 |              102 |           32 |                   19 |           7 |                   7 |             3 | 
        36 |       40 |       341 |         69 | 65.53493 |  0.47826 |  0.78558 |     233 |             44 |     108 |           50 |      107 |     214 |              107 |           18 |                   12 |           1 |                   1 |             1 | 
        41 |       45 |       340 |         68 | 65.70090 |  0.48529 |  0.72739 |     208 |             56 |     132 |           60 |      100 |     202 |              100 |           32 |                   20 |           5 |                   4 |             1 | 
        46 |       50 |       334 |         67 | 65.54764 |  0.49254 |  0.72868 |     230 |             51 |     104 |           42 |      110 |     191 |              110 |           27 |                   18 |           4 |                   4 |             2 | 
        51 |       55 |       321 |         65 | 65.56543 |  0.49231 |  0.76918 |     213 |             51 |     108 |           53 |      105 |     197 |              105 |           14 |                   11 |           3 |                   3 |             2 | 
        56 |       60 |       315 |         63 | 65.88149 |  0.49206 |  0.72366 |     210 |             52 |     105 |           42 |      101 |     188 |              101 |           23 |                   16 |           3 |                   2 |             0 | 
         1 |       10 |       842 |        100 | 66.78275 |  0.45000 |  2.50810 |     441 |            130 |     401 |           88 |      171 |     497 |              171 |          109 |                   59 |          42 |                  15 |            23 | 
        11 |       20 |       757 |         77 | 66.37271 |  0.45455 |  1.09063 |     519 |            114 |     238 |          108 |      231 |     462 |              231 |           53 |                   32 |           9 |                   7 |             2 | 
        21 |       30 |       731 |         75 | 65.96756 |  0.46667 |  0.82877 |     510 |            116 |     221 |          110 |      211 |     448 |              211 |           61 |                   45 |           8 |                   6 |             3 | 
        31 |       40 |       695 |         72 | 65.60031 |  0.48611 |  0.83559 |     471 |             93 |     224 |           99 |      209 |     424 |              209 |           50 |                   31 |           8 |                   8 |             4 | 
        41 |       50 |       674 |         68 | 65.70090 |  0.48529 |  0.72803 |     438 |            107 |     236 |          102 |      210 |     393 |              210 |           59 |                   38 |           9 |                   8 |             3 | 
        51 |       60 |       636 |         65 | 65.56543 |  0.49231 |  0.74663 |     423 |            103 |     213 |           95 |      206 |     385 |              206 |           37 |                   27 |           6 |                   5 |             2 | 
         1 |       20 |      1599 |        100 | 66.78275 |  0.45000 |  1.83704 |     960 |            244 |     639 |          196 |      402 |     959 |              402 |          162 |                   91 |          51 |                  22 |            25 | 
        21 |       40 |      1426 |         75 | 65.96756 |  0.46667 |  0.83209 |     981 |            209 |     445 |          209 |      420 |     872 |              420 |          111 |                   76 |          16 |                  14 |             7 | 
        41 |       60 |      1310 |         68 | 65.70090 |  0.48529 |  0.73706 |     861 |            210 |     449 |          197 |      416 |     778 |              416 |           96 |                   65 |          15 |                  13 |             5 | 
         1 |       60 |      4335 |        100 | 66.78275 |  0.45000 |  1.17406 |    2802 |            663 |    1533 |          602 |     1238 |    2609 |             1238 |          369 |                  232 |          82 |                  49 |            37 | 
Report Column Filter was:[('<Header>', 'Auto Detect', ''), ('Age', 'Auto Detect', ''), ('Male', 'Auto Detect', ''), ('Lactate', 'Auto Detect', ''), ('NoSIRS', 'Auto Detect', ''), ('NoSIRS_Entered', 'Auto Detect', ''), ('SIRS', 'Auto Detect', ''), ('SIRS_Entered', 'Auto Detect', ''), ('NoSpesis', 'Auto Detect', ''), ('Sepsis', 'Auto Detect', ''), ('NoSpesis_Entered', 'Auto Detect', ''), ('SevereSepsis', 'Auto Detect', ''), ('SevereSepsis_Entered', 'Auto Detect', ''), ('SepticShock', 'Auto Detect', ''), ('SepticShock_Entered', 'Auto Detect', ''), ('Death_Entered', 'Auto Detect', '')]
______________________________________________________________________
